1
5
12
16
20
43
45
60
69
70
75
118
121
142
162
163
166
167
196
204
212
254
262
266
308
312
317
330
334
341
352
356
357
371
381
404
414
416
420
429
434
446
479
498
503
504
506
507
513
519
534
536
538
539
547
548
556
559
567
576
583
598
608
610
612
616
623
636
650
673
675
680
687
689
690
701
730
739
745
760
765
773
786
790
805
832
848
851
852
860
864
867
868
875
881
884
907
919
928
934
947
949
988
1001
1027
1030
1048
1049
1058
1066
1076
1081
1083
1084
1103
1126
1140
1141
1149
1158
1162
1164
1178
1187
1195
1223
1238
1243
1249
1264
1271
1279
1280
1301
1303
1305
1311
1315
1319
1329
1339
1349
1352
1354
1359
1366
1370
1371
1373
1385
1388
1392
1400
1401
1417
1421
1429
1432
1437
1452
1478
1479
1486
1497
1499
1500
1504
1511
1518
1524
1541
1567
1580
1581
1588
1595
1604
1611
1612
1624
1648
1649
1655
1659
1663
1683
1692
1699
1708
1710
1713
1716
1720
1756
1758
1768
1775
1781
1788
1800
1806
1810
1834
1838
1846
1854
1875
1886
1887
1900
1909
1922
1939
1963
1977
1980
1983
1991
1994
1995
1999
2010
2023
2026
2030
2032
2048
2069
2074
2075
2085
2089
2091
2099
2128
2133
2136
2145
2152
2170
2173
2175
2179
2186
2199
2209
2230
2233
2245
2260
2270
2280
2282
2289
2292
2295
2296
2297
2307
2343
2354
2375
2400
2419
2432
2435
2444
2453
2457
2466
2470
2486
2508
2547
2552
2561
2571
2574
2584
2628
2641
2647
2662
2676
2702
2716
2736
2737
2740
2755
2757
2760
2770
2772
2785
2788
2797
2798
2812
2813
2814
2816
2825
2834
2841
2872
2889
2915
2936
2937
2942
2952
2959
2963
2964
2971
2972
2980
2982
2984
2995
3005
3026
3027
3040
3042
3051
3053
3058
3069
3121
3140
3143
3148
3151
3170
3209
3212
3217
3230
3251
3255
3261
3271
3278
3295
3306
3314
3315
3316
3323
3324
3327
3331
3364
3377
3381
3385
3407
3408
3409
3438
3454
3457
3462
3471
3474
3479
3499
3510
3523
3527
3532
3540
3596
3597
3598
3612
3624
3631
3643
3646
3652
3662
3665
3677
3687
3688
3700
3707
3731
3733
3738
3742
3749
3773
3785
3786
3839
3871
3884
3913
3918
3924
3931
3950
3993
3998
3999
4004
4014
4019
4021
4034
4054
4079
4108
4126
4129
4137
4149
4150
4156
4158
4159
4173
4194
4209
4222
4262
4266
4274
4283
4284
4300
4302
4307
4330
4336
4341
4358
4381
4382
4401
4427
4437
4442
4494
4501
4517
4529
4536
4539
4558
4570
4601
4602
4624
4631
4634
4647
4653
4654
4659
4676
4688
4714
4724
4748
4749
4751
4757
4765
4767
4769
4799
4800
4804
4805
4807
4813
4828
4830
4858
4863
4877
4882
4897
4904
4910
4918
4956
4958
4968
5037
5041
5048
5052
5053
5068
5069
5079
5094
5101
5125
5134
5135
5167
5173
5185
5197
5209
5235
5240
5246
5263
5281
5284
5302
5305
5318
5328
5331
5337
5345
5347
5349
5362
5370
5379
5386
5387
5392
5393
5394
5400
5402
5433
5435
5439
5446
5449
5453
5480
5501
5503
5516
5519
5525
5526
5529
5532
5544
5545
5550
5566
5587
5599
5601
5608
5609
5611
5614
5626
5646
5650
5663
5669
5677
5705
5726
5727
5804
5823
5827
5840
5853
5858
5859
5863
5872
5880
5882
5890
5906
5909
5931
5935
5940
5946
5953
5978
5982
5989
6002
6028
6042
6049
6054
6055
6059
6077
6091